{"producer":{"name":"Blender","version":"2.80 (sub 75)","exporter_version":"6.1.2","file":"soldier.babylon"},
"autoClear":true,"clearColor":[0.0509,0.0509,0.0509],"gravity":[0,-9.81,0],
"materials":[{"name":"Hatmat","id":"Hatmat","customType":"BABYLON.PBRMaterial","backFaceCulling":true,"checkReadyOnlyOnce":false,"maxSimultaneousLights":4,"environmentIntensity":1,"roughness":1,"alpha":1,"transparencyMode":1,"metallic":1, 
"albedoTexture":{"name":"FuseModel_Hat_diffuse.png","level":1,"hasAlpha":true,"coordinatesMode":0,"uOffset":0,"vOffset":0,"uScale":1,"vScale":1,"uAng":0,"vAng":0,"wAng":0,"wrapU":1,"wrapV":1,"coordinatesIndex":0},"useAlphaFromAlbedoTexture":true, 
"reflectivityTexture":{"name":"FuseModel_Hat_specular.png","level":1,"hasAlpha":true,"coordinatesMode":0,"uOffset":0,"vOffset":0,"uScale":1,"vScale":1,"uAng":0,"vAng":0,"wAng":0,"wrapU":1,"wrapV":1,"coordinatesIndex":0}, 
"bumpTexture":{"name":"FuseModel_Hat_normal.png","level":1,"hasAlpha":true,"coordinatesMode":0,"uOffset":0,"vOffset":0,"uScale":1,"vScale":1,"uAng":0,"vAng":0,"wAng":0,"wrapU":1,"wrapV":1,"coordinatesIndex":0}, 
"metallicTexture":{"name":"FuseModel_Hat_gloss.png","level":1,"hasAlpha":true,"coordinatesMode":0,"uOffset":0,"vOffset":0,"uScale":1,"vScale":1,"uAng":0,"vAng":0,"wAng":0,"wrapU":1,"wrapV":1,"coordinatesIndex":0},"useMetallnessFromMetallicTextureBlue":false,"useRoughnessFromMetallicTextureGreen":true,"useAmbientOcclusionFromMetallicTextureRed":false},
{"name":"Topmat","id":"Topmat","customType":"BABYLON.PBRMaterial","backFaceCulling":true,"checkReadyOnlyOnce":false,"maxSimultaneousLights":4,"environmentIntensity":1,"roughness":1,"alpha":1,"transparencyMode":1,"metallic":1, 
"albedoTexture":{"name":"FuseModel_Top_diffuse.png","level":1,"hasAlpha":true,"coordinatesMode":0,"uOffset":0,"vOffset":0,"uScale":1,"vScale":1,"uAng":0,"vAng":0,"wAng":0,"wrapU":1,"wrapV":1,"coordinatesIndex":0},"useAlphaFromAlbedoTexture":true, 
"reflectivityTexture":{"name":"FuseModel_Top_specular.png","level":1,"hasAlpha":true,"coordinatesMode":0,"uOffset":0,"vOffset":0,"uScale":1,"vScale":1,"uAng":0,"vAng":0,"wAng":0,"wrapU":1,"wrapV":1,"coordinatesIndex":0}, 
"bumpTexture":{"name":"FuseModel_Top_normal.png","level":1,"hasAlpha":true,"coordinatesMode":0,"uOffset":0,"vOffset":0,"uScale":1,"vScale":1,"uAng":0,"vAng":0,"wAng":0,"wrapU":1,"wrapV":1,"coordinatesIndex":0}, 
"metallicTexture":{"name":"FuseModel_Top_gloss.png","level":1,"hasAlpha":true,"coordinatesMode":0,"uOffset":0,"vOffset":0,"uScale":1,"vScale":1,"uAng":0,"vAng":0,"wAng":0,"wrapU":1,"wrapV":1,"coordinatesIndex":0},"useMetallnessFromMetallicTextureBlue":false,"useRoughnessFromMetallicTextureGreen":true,"useAmbientOcclusionFromMetallicTextureRed":false},
{"name":"Bodymat","id":"Bodymat","customType":"BABYLON.PBRMaterial","backFaceCulling":true,"checkReadyOnlyOnce":false,"maxSimultaneousLights":4,"environmentIntensity":1,"roughness":1,"alpha":1,"transparencyMode":1,"metallic":1, 
"albedoTexture":{"name":"FuseModel_Body_diffuse.png","level":1,"hasAlpha":true,"coordinatesMode":0,"uOffset":0,"vOffset":0,"uScale":1,"vScale":1,"uAng":0,"vAng":0,"wAng":0,"wrapU":1,"wrapV":1,"coordinatesIndex":0},"useAlphaFromAlbedoTexture":true, 
"reflectivityTexture":{"name":"FuseModel_Body_specular.png","level":1,"hasAlpha":true,"coordinatesMode":0,"uOffset":0,"vOffset":0,"uScale":1,"vScale":1,"uAng":0,"vAng":0,"wAng":0,"wrapU":1,"wrapV":1,"coordinatesIndex":0}, 
"bumpTexture":{"name":"FuseModel_Body_normal.png","level":1,"hasAlpha":true,"coordinatesMode":0,"uOffset":0,"vOffset":0,"uScale":1,"vScale":1,"uAng":0,"vAng":0,"wAng":0,"wrapU":1,"wrapV":1,"coordinatesIndex":0}, 
"metallicTexture":{"name":"FuseModel_Body_gloss.png","level":1,"hasAlpha":true,"coordinatesMode":0,"uOffset":0,"vOffset":0,"uScale":1,"vScale":1,"uAng":0,"vAng":0,"wAng":0,"wrapU":1,"wrapV":1,"coordinatesIndex":0},"useMetallnessFromMetallicTextureBlue":false,"useRoughnessFromMetallicTextureGreen":true,"useAmbientOcclusionFromMetallicTextureRed":false},
{"name":"Beardmat","id":"Beardmat","customType":"BABYLON.PBRMaterial","backFaceCulling":true,"checkReadyOnlyOnce":false,"maxSimultaneousLights":4,"environmentIntensity":1,"roughness":1,"alpha":1,"transparencyMode":1,"metallic":1, 
"albedoTexture":{"name":"FuseModel_Beard_diffuse.png","level":1,"hasAlpha":true,"coordinatesMode":0,"uOffset":0,"vOffset":0,"uScale":1,"vScale":1,"uAng":0,"vAng":0,"wAng":0,"wrapU":1,"wrapV":1,"coordinatesIndex":0},"useAlphaFromAlbedoTexture":true, 
"reflectivityTexture":{"name":"FuseModel_Beard_specular.png","level":1,"hasAlpha":true,"coordinatesMode":0,"uOffset":0,"vOffset":0,"uScale":1,"vScale":1,"uAng":0,"vAng":0,"wAng":0,"wrapU":1,"wrapV":1,"coordinatesIndex":0}, 
"bumpTexture":{"name":"FuseModel_Beard_normal.png","level":1,"hasAlpha":true,"coordinatesMode":0,"uOffset":0,"vOffset":0,"uScale":1,"vScale":1,"uAng":0,"vAng":0,"wAng":0,"wrapU":1,"wrapV":1,"coordinatesIndex":0}, 
"metallicTexture":{"name":"FuseModel_Beard_gloss.png","level":1,"hasAlpha":true,"coordinatesMode":0,"uOffset":0,"vOffset":0,"uScale":1,"vScale":1,"uAng":0,"vAng":0,"wAng":0,"wrapU":1,"wrapV":1,"coordinatesIndex":0},"useMetallnessFromMetallicTextureBlue":false,"useRoughnessFromMetallicTextureGreen":true,"useAmbientOcclusionFromMetallicTextureRed":false},
{"name":"Shoesmat","id":"Shoesmat","customType":"BABYLON.PBRMaterial","backFaceCulling":true,"checkReadyOnlyOnce":false,"maxSimultaneousLights":4,"environmentIntensity":1,"roughness":1,"alpha":1,"transparencyMode":1,"metallic":1, 
"albedoTexture":{"name":"FuseModel_Shoes_diffuse.png","level":1,"hasAlpha":true,"coordinatesMode":0,"uOffset":0,"vOffset":0,"uScale":1,"vScale":1,"uAng":0,"vAng":0,"wAng":0,"wrapU":1,"wrapV":1,"coordinatesIndex":0},"useAlphaFromAlbedoTexture":true, 
"reflectivityTexture":{"name":"FuseModel_Shoes_specular.png","level":1,"hasAlpha":true,"coordinatesMode":0,"uOffset":0,"vOffset":0,"uScale":1,"vScale":1,"uAng":0,"vAng":0,"wAng":0,"wrapU":1,"wrapV":1,"coordinatesIndex":0}, 
"bumpTexture":{"name":"FuseModel_Shoes_normal.png","level":1,"hasAlpha":true,"coordinatesMode":0,"uOffset":0,"vOffset":0,"uScale":1,"vScale":1,"uAng":0,"vAng":0,"wAng":0,"wrapU":1,"wrapV":1,"coordinatesIndex":0}, 
"metallicTexture":{"name":"FuseModel_Shoes_gloss.png","level":1,"hasAlpha":true,"coordinatesMode":0,"uOffset":0,"vOffset":0,"uScale":1,"vScale":1,"uAng":0,"vAng":0,"wAng":0,"wrapU":1,"wrapV":1,"coordinatesIndex":0},"useMetallnessFromMetallicTextureBlue":false,"useRoughnessFromMetallicTextureGreen":true,"useAmbientOcclusionFromMetallicTextureRed":false},
{"name":"Bottommat","id":"Bottommat","customType":"BABYLON.PBRMaterial","backFaceCulling":true,"checkReadyOnlyOnce":false,"maxSimultaneousLights":4,"environmentIntensity":1,"roughness":1,"alpha":1,"transparencyMode":1,"metallic":1, 
"albedoTexture":{"name":"FuseModel_Bottom_diffuse.png","level":1,"hasAlpha":true,"coordinatesMode":0,"uOffset":0,"vOffset":0,"uScale":1,"vScale":1,"uAng":0,"vAng":0,"wAng":0,"wrapU":1,"wrapV":1,"coordinatesIndex":0},"useAlphaFromAlbedoTexture":true, 
"reflectivityTexture":{"name":"FuseModel_Bottom_specular.png","level":1,"hasAlpha":true,"coordinatesMode":0,"uOffset":0,"vOffset":0,"uScale":1,"vScale":1,"uAng":0,"vAng":0,"wAng":0,"wrapU":1,"wrapV":1,"coordinatesIndex":0}, 
"bumpTexture":{"name":"FuseModel_Bottom_normal.png","level":1,"hasAlpha":true,"coordinatesMode":0,"uOffset":0,"vOffset":0,"uScale":1,"vScale":1,"uAng":0,"vAng":0,"wAng":0,"wrapU":1,"wrapV":1,"coordinatesIndex":0}, 
"metallicTexture":{"name":"FuseModel_Bottom_gloss.png","level":1,"hasAlpha":true,"coordinatesMode":0,"uOffset":0,"vOffset":0,"uScale":1,"vScale":1,"uAng":0,"vAng":0,"wAng":0,"wrapU":1,"wrapV":1,"coordinatesIndex":0},"useMetallnessFromMetallicTextureBlue":false,"useRoughnessFromMetallicTextureGreen":true,"useAmbientOcclusionFromMetallicTextureRed":false},
{"name":"Maskmat","id":"Maskmat","customType":"BABYLON.PBRMaterial","backFaceCulling":true,"checkReadyOnlyOnce":false,"maxSimultaneousLights":4,"environmentIntensity":1,"roughness":1,"alpha":1,"transparencyMode":1,"metallic":1, 
"albedoTexture":{"name":"FuseModel_Mask_diffuse.png","level":1,"hasAlpha":true,"coordinatesMode":0,"uOffset":0,"vOffset":0,"uScale":1,"vScale":1,"uAng":0,"vAng":0,"wAng":0,"wrapU":1,"wrapV":1,"coordinatesIndex":0},"useAlphaFromAlbedoTexture":true, 
"reflectivityTexture":{"name":"FuseModel_Mask_specular.png","level":1,"hasAlpha":true,"coordinatesMode":0,"uOffset":0,"vOffset":0,"uScale":1,"vScale":1,"uAng":0,"vAng":0,"wAng":0,"wrapU":1,"wrapV":1,"coordinatesIndex":0}, 
"bumpTexture":{"name":"FuseModel_Mask_normal.png","level":1,"hasAlpha":true,"coordinatesMode":0,"uOffset":0,"vOffset":0,"uScale":1,"vScale":1,"uAng":0,"vAng":0,"wAng":0,"wrapU":1,"wrapV":1,"coordinatesIndex":0}, 
"metallicTexture":{"name":"FuseModel_Mask_gloss.png","level":1,"hasAlpha":true,"coordinatesMode":0,"uOffset":0,"vOffset":0,"uScale":1,"vScale":1,"uAng":0,"vAng":0,"wAng":0,"wrapU":1,"wrapV":1,"coordinatesIndex":0},"useMetallnessFromMetallicTextureBlue":false,"useRoughnessFromMetallicTextureGreen":true,"useAmbientOcclusionFromMetallicTextureRed":false},
{"name":"Eyewearmat","id":"Eyewearmat","customType":"BABYLON.PBRMaterial","backFaceCulling":true,"checkReadyOnlyOnce":false,"maxSimultaneousLights":4,"environmentIntensity":1,"roughness":1,"alpha":1,"transparencyMode":1,"metallic":1, 
"albedoTexture":{"name":"FuseModel_Eyewear_diffuse.png","level":1,"hasAlpha":true,"coordinatesMode":0,"uOffset":0,"vOffset":0,"uScale":1,"vScale":1,"uAng":0,"vAng":0,"wAng":0,"wrapU":1,"wrapV":1,"coordinatesIndex":0},"useAlphaFromAlbedoTexture":true, 
"reflectivityTexture":{"name":"FuseModel_Eyewear_specular.png","level":1,"hasAlpha":true,"coordinatesMode":0,"uOffset":0,"vOffset":0,"uScale":1,"vScale":1,"uAng":0,"vAng":0,"wAng":0,"wrapU":1,"wrapV":1,"coordinatesIndex":0}, 
"bumpTexture":{"name":"FuseModel_Eyewear_normal.png","level":1,"hasAlpha":true,"coordinatesMode":0,"uOffset":0,"vOffset":0,"uScale":1,"vScale":1,"uAng":0,"vAng":0,"wAng":0,"wrapU":1,"wrapV":1,"coordinatesIndex":0}, 
"metallicTexture":{"name":"FuseModel_Eyewear_gloss.png","level":1,"hasAlpha":true,"coordinatesMode":0,"uOffset":0,"vOffset":0,"uScale":1,"vScale":1,"uAng":0,"vAng":0,"wAng":0,"wrapU":1,"wrapV":1,"coordinatesIndex":0},"useMetallnessFromMetallicTextureBlue":false,"useRoughnessFromMetallicTextureGreen":true,"useAmbientOcclusionFromMetallicTextureRed":false},
{"name":"Glovemat","id":"Glovemat","customType":"BABYLON.PBRMaterial","backFaceCulling":true,"checkReadyOnlyOnce":false,"maxSimultaneousLights":4,"environmentIntensity":1,"roughness":1,"alpha":1,"transparencyMode":1,"metallic":1, 
"albedoTexture":{"name":"FuseModel_Glove_diffuse.png","level":1,"hasAlpha":true,"coordinatesMode":0,"uOffset":0,"vOffset":0,"uScale":1,"vScale":1,"uAng":0,"vAng":0,"wAng":0,"wrapU":1,"wrapV":1,"coordinatesIndex":0},"useAlphaFromAlbedoTexture":true, 
"reflectivityTexture":{"name":"FuseModel_Glove_specular.png","level":1,"hasAlpha":true,"coordinatesMode":0,"uOffset":0,"vOffset":0,"uScale":1,"vScale":1,"uAng":0,"vAng":0,"wAng":0,"wrapU":1,"wrapV":1,"coordinatesIndex":0}, 
"bumpTexture":{"name":"FuseModel_Glove_normal.png","level":1,"hasAlpha":true,"coordinatesMode":0,"uOffset":0,"vOffset":0,"uScale":1,"vScale":1,"uAng":0,"vAng":0,"wAng":0,"wrapU":1,"wrapV":1,"coordinatesIndex":0}, 
"metallicTexture":{"name":"FuseModel_Glove_gloss.png","level":1,"hasAlpha":true,"coordinatesMode":0,"uOffset":0,"vOffset":0,"uScale":1,"vScale":1,"uAng":0,"vAng":0,"wAng":0,"wrapU":1,"wrapV":1,"coordinatesIndex":0},"useMetallnessFromMetallicTextureBlue":false,"useRoughnessFromMetallicTextureGreen":true,"useAmbientOcclusionFromMetallicTextureRed":false}],
"multiMaterials":[],
"skeletons":[{"name":"Armature","id":0,"dimensionsAtRest":[2.0052,0.3717,1.9271],"bones":[
{"name":"mixamorig:Hips","index":0,"matrix":[1,0,0,0,0,0,1,0,0,1,0,0,-0.1216,-0.1676,0.8233,1],"rest":[1,0,0,0,0,0,1,0,0,1,0,0,-0.1216,-0.1676,0.8233,1],"parentBoneIndex":-1,"length":0.1086},
{"name":"mixamorig:Spine","index":1,"matrix":[1,-0.0001,0,0,0.0001,0.9925,-0.1226,0,0,0.1226,0.9925,0,0,0.0978,-0.0124,1],"rest":[1,-0.0001,0,0,0.0001,0.9925,-0.1226,0,0,0.1226,0.9925,0,0,0.0978,-0.0124,1],"parentBoneIndex":0,"length":0.1151},
{"name":"mixamorig:Spine1","index":2,"matrix":[1,0.0001,0,0,-0.0001,1,0.0026,0,0,-0.0026,1,0,0,0.1151,0,1],"rest":[1,0.0001,0,0,-0.0001,1,0.0026,0,0,-0.0026,1,0,0,0.1151,0,1],"parentBoneIndex":1,"length":0.1339},
{"name":"mixamorig:Spine2","index":3,"matrix":[1,0,0,0,0,1,0,0,0,0,1,0,0,0.1339,0,1],"rest":[1,0,0,0,0,1,0,0,0,0,1,0,0,0.1339,0,1],"parentBoneIndex":2,"length":0.1243},
{"name":"mixamorig:Neck","index":4,"matrix":[1,0,0,0,0,0.9928,0.12,0,0,-0.12,0.9928,0,0,0.1499,0.027,1],"rest":[1,0,0,0,0,0.9928,0.12,0,0,-0.12,0.9928,0,0,0.15,0.027,1],"parentBoneIndex":3,"length":0.1079},
{"name":"mixamorig:Head","index":5,"matrix":[1,0,0,0,0,1,0,0,0,0,1,0,0,0.1044,0.0274,1],"rest":[1,0,0,0,0,1,0,0,0,0,1,0,0,0.1044,0.0274,1],"parentBoneIndex":4,"length":0.1487},
{"name":"mixamorig:HeadTop_End","index":6,"matrix":[1,0,0,0,0,1,0,0,0,0,1,0,0,0.1843,0.0692,1],"rest":[1,0,0,0,0,1,0,0,0,0,1,0,0,0.1843,0.0692,1],"parentBoneIndex":5,"length":0.1487},
{"name":"mixamorig:RightEye","index":7,"matrix":[1,0,0,0,0,1,0,0,0,0,1,0,-0.0285,0.0765,0.0942,1],"rest":[1,0,0,0,0,1,0,0,0,0,1,0,-0.0285,0.0765,0.0942,1],"parentBoneIndex":5,"length":0.1487},
{"name":"mixamorig:LeftEye","index":8,"matrix":[1,0,0,0,0,1,0,0,0,0,1,0,0.0285,0.0765,0.0942,1],"rest":[1,0,0,0,0,1,0,0,0,0,1,0,0.0285,0.0765,0.0942,1],"parentBoneIndex":5,"length":0.1487},
{"name":"mixamorig:LeftShoulder","index":9,"matrix":[-0.1924,0.3182,-0.9283,0,0.9783,-0.0125,-0.207,0,-0.0775,-0.9479,-0.3089,0,0.061,0.0901,0.0182,1],"rest":[-0.1924,0.3182,-0.9283,0,0.9783,-0.0125,-0.207,0,-0.0775,-0.9479,-0.3089,0,0.061,0.0901,0.0182,1],"parentBoneIndex":3,"length":0.1287},
{"name":"mixamorig:LeftArm","index":10,"matrix":[0.9887,0.1502,0,0,-0.1502,0.9881,-0.0322,0,-0.0048,0.0318,0.9995,0,0,0.1287,0,1],"rest":[0.9887,0.1502,0,0,-0.1502,0.9881,-0.0322,0,-0.0048,0.0318,0.9995,0,0,0.1287,0,1],"parentBoneIndex":9,"length":0.2732},
{"name":"mixamorig:LeftForeArm","index":11,"matrix":[0.9947,0.1032,0,0,-0.1031,0.9942,-0.0313,0,-0.0032,0.0311,0.9995,0,0,0.2732,0,1],"rest":[0.9947,0.1032,0,0,-0.1031,0.9942,-0.0313,0,-0.0032,0.0311,0.9995,0,0,0.2732,0,1],"parentBoneIndex":10,"length":0.2752},
{"name":"mixamorig:LeftHand","index":12,"matrix":[0.9367,-0.0799,0.3409,0,0.044,0.9928,0.1117,0,-0.3474,-0.0896,0.9334,0,0,0.2752,0,1],"rest":[0.9367,-0.0799,0.3409,0,0.044,0.9928,0.1117,0,-0.3474,-0.0896,0.9334,0,0,0.2752,0,1],"parentBoneIndex":11,"length":0.1108},
{"name":"mixamorig:LeftHandMiddle1","index":13,"matrix":[0.9993,0.0365,0,0,-0.0364,0.9968,-0.0716,0,-0.0026,0.0715,0.9974,0,-0.0109,0.1271,-0.0008,1],"rest":[0.9993,0.0365,0,0,-0.0364,0.9968,-0.0716,0,-0.0026,0.0715,0.9974,0,-0.0109,0.1271,-0.0008,1],"parentBoneIndex":12,"length":0.0357},
{"name":"mixamorig:LeftHandMiddle2","index":14,"matrix":[1,0,0,0,0,0.9911,0.1329,0,0,-0.1329,0.9911,0,-0.0004,0.0357,0,1],"rest":[1,0,0,0,0,0.9911,0.1329,0,0,-0.1329,0.9911,0,-0.0004,0.0357,0,1],"parentBoneIndex":13,"length":0.0344},
{"name":"mixamorig:LeftHandMiddle3","index":15,"matrix":[1,0,0,0,0,1,-0.0038,0,0,0.0038,1,0,0.0002,0.0344,0,1],"rest":[1,0,0,0,0,1,-0.0038,0,0,0.0038,1,0,0.0003,0.0344,0,1],"parentBoneIndex":14,"length":0.0368},
{"name":"mixamorig:LeftHandMiddle4","index":16,"matrix":[1,0,0,0,0,1,0,0,0,0,1,0,0.0001,0.0368,0,1],"rest":[1,0,0,0,0,1,0,0,0,0,1,0,0.0001,0.0368,0,1],"parentBoneIndex":15,"length":0.0368},
{"name":"mixamorig:LeftHandThumb1","index":17,"matrix":[0.8477,0.5305,0,0,-0.5046,0.8063,0.3086,0,0.1637,-0.2616,0.9512,0,-0.0331,0.0351,0.0214,1],"rest":[0.8477,0.5305,0,0,-0.5046,0.8063,0.3086,0,0.1637,-0.2616,0.9512,0,-0.0331,0.0352,0.0214,1],"parentBoneIndex":12,"length":0.0472},
{"name":"mixamorig:LeftHandThumb2","index":18,"matrix":[1,0,0,0,0,0.9976,0.0691,0,0,-0.0691,0.9976,0,-0.0036,0.0471,0,1],"rest":[1,0,0,0,0,0.9976,0.0691,0,0,-0.0691,0.9976,0,-0.0036,0.0471,0,1],"parentBoneIndex":17,"length":0.0436},
{"name":"mixamorig:LeftHandThumb3","index":19,"matrix":[1,0,0,0,0,0.9977,-0.0672,0,0,0.0672,0.9977,0,0.0028,0.0436,0,1],"rest":[1,0,0,0,0,0.9977,-0.0672,0,0,0.0672,0.9977,0,0.0028,0.0436,0,1],"parentBoneIndex":18,"length":0.0345},
{"name":"mixamorig:LeftHandThumb4","index":20,"matrix":[1,0,0,0,0,1,0,0,0,0,1,0,0.0009,0.0345,0,1],"rest":[1,0,0,0,0,1,0,0,0,0,1,0,0.0009,0.0345,0,1],"parentBoneIndex":19,"length":0.0345},
{"name":"mixamorig:LeftHandIndex1","index":21,"matrix":[1,-0.0063,0,0,0.0063,0.998,0.0635,0,-0.0004,-0.0635,0.998,0,-0.0382,0.1233,0.001,1],"rest":[1,-0.0063,0,0,0.0063,0.998,0.0635,0,-0.0004,-0.0635,0.998,0,-0.0382,0.1234,0.001,1],"parentBoneIndex":12,"length":0.0348},
{"name":"mixamorig:LeftHandIndex2","index":22,"matrix":[1,0,0,0,0,0.9996,0.0274,0,0,-0.0274,0.9996,0,-0.0004,0.0348,0,1],"rest":[1,0,0,0,0,0.9996,0.0274,0,0,-0.0274,0.9996,0,-0.0004,0.0348,0,1],"parentBoneIndex":21,"length":0.0341},
{"name":"mixamorig:LeftHandIndex3","index":23,"matrix":[1,0,0,0,0,0.999,0.0455,0,0,-0.0455,0.999,0,0.0003,0.0341,0,1],"rest":[1,0,0,0,0,0.999,0.0455,0,0,-0.0455,0.999,0,0.0002,0.0341,0,1],"parentBoneIndex":22,"length":0.0307},
{"name":"mixamorig:LeftHandIndex4","index":24,"matrix":[1,0,0,0,0,1,0,0,0,0,1,0,0.0002,0.0307,0,1],"rest":[1,0,0,0,0,1,0,0,0,0,1,0,0.0002,0.0307,0,1],"parentBoneIndex":23,"length":0.0307},
{"name":"mixamorig:LeftHandRing1","index":25,"matrix":[0.9999,-0.0102,0,0,0.0102,0.9984,-0.0561,0,0.0006,0.0561,0.9984,0,0.0115,0.123,-0.0008,1],"rest":[0.9999,-0.0102,0,0,0.0102,0.9984,-0.0561,0,0.0006,0.0561,0.9984,0,0.0115,0.123,-0.0008,1],"parentBoneIndex":12,"length":0.0353},
{"name":"mixamorig:LeftHandRing2","index":26,"matrix":[1,0,0,0,0,0.9997,0.0262,0,0,-0.0262,0.9997,0,-0.0001,0.0353,0,1],"rest":[1,0,0,0,0,0.9997,0.0262,0,0,-0.0262,0.9997,0,-0.0001,0.0353,0,1],"parentBoneIndex":25,"length":0.033},
{"name":"mixamorig:LeftHandRing3","index":27,"matrix":[1,0,0,0,0,0.9878,0.1554,0,0,-0.1554,0.9878,0,-0.0001,0.033,0,1],"rest":[1,0,0,0,0,0.9878,0.1554,0,0,-0.1554,0.9878,0,-0.0001,0.033,0,1],"parentBoneIndex":26,"length":0.0365},
{"name":"mixamorig:LeftHandRing4","index":28,"matrix":[1,0,0,0,0,1,0,0,0,0,1,0,0.0002,0.0365,0,1],"rest":[1,0,0,0,0,1,0,0,0,0,1,0,0.0002,0.0365,0,1],"parentBoneIndex":27,"length":0.0365},
{"name":"mixamorig:LeftHandPinky1","index":29,"matrix":[0.999,0.0456,0,0,-0.0456,0.9985,-0.03,0,-0.0014,0.0299,0.9996,0,0.0376,0.1149,0.001,1],"rest":[0.999,0.0456,0,0,-0.0456,0.9985,-0.03,0,-0.0014,0.0299,0.9996,0,0.0376,0.1149,0.001,1],"parentBoneIndex":12,"length":0.0386},
{"name":"mixamorig:LeftHandPinky2","index":30,"matrix":[1,0,0,0,0,1,0.009,0,0,-0.009,1,0,0.0001,0.0386,0,1],"rest":[1,0,0,0,0,1,0.009,0,0,-0.009,1,0,0.0001,0.0386,0,1],"parentBoneIndex":29,"length":0.0259},
{"name":"mixamorig:LeftHandPinky3","index":31,"matrix":[1,0,0,0,0,0.9998,0.0173,0,0,-0.0173,0.9998,0,-0.0002,0.0259,0,1],"rest":[1,0,0,0,0,0.9998,0.0173,0,0,-0.0173,0.9998,0,-0.0002,0.0259,0,1],"parentBoneIndex":30,"length":0.0292},
{"name":"mixamorig:LeftHandPinky4","index":32,"matrix":[1,0,0,0,0,1,0,0,0,0,1,0,0.0001,0.0292,0,1],"rest":[1,0,0,0,0,1,0,0,0,0,1,0,0.0001,0.0292,0,1],"parentBoneIndex":31,"length":0.0292},
{"name":"mixamorig:RightShoulder","index":33,"matrix":[-0.1876,-0.3161,0.93,0,-0.9775,-0.0333,-0.2085,0,0.0969,-0.9481,-0.3028,0,-0.061,0.0898,0.0182,1],"rest":[-0.1876,-0.3161,0.93,0,-0.9775,-0.0333,-0.2085,0,0.0969,-0.9481,-0.3028,0,-0.061,0.0898,0.0182,1],"parentBoneIndex":3,"length":0.1288},
{"name":"mixamorig:RightArm","index":34,"matrix":[0.9885,-0.1513,0,0,0.1512,0.9881,-0.0286,0,0.0043,0.0282,0.9996,0,0,0.1288,0,1],"rest":[0.9885,-0.1513,0,0,0.1512,0.9881,-0.0286,0,0.0043,0.0282,0.9996,0,0,0.1288,0,1],"parentBoneIndex":33,"length":0.2735},
{"name":"mixamorig:RightForeArm","index":35,"matrix":[0.9953,-0.0972,0,0,0.097,0.9938,-0.0539,0,0.0052,0.0537,0.9985,0,0,0.2735,0,1],"rest":[0.9953,-0.0972,0,0,0.097,0.9938,-0.0539,0,0.0052,0.0537,0.9985,0,0,0.2735,0,1],"parentBoneIndex":34,"length":0.2752},
{"name":"mixamorig:RightHand","index":36,"matrix":[0.9393,0.0794,-0.3339,0,-0.0446,0.9929,0.1106,0,0.3403,-0.089,0.9361,0,0,0.2752,0,1],"rest":[0.9393,0.0794,-0.3339,0,-0.0446,0.9929,0.1106,0,0.3403,-0.089,0.9361,0,0,0.2752,0,1],"parentBoneIndex":35,"length":0.1107},
{"name":"mixamorig:RightHandMiddle1","index":37,"matrix":[0.9993,-0.0363,0,0,0.0362,0.9968,-0.0711,0,0.0026,0.071,0.9975,0,0.0108,0.1271,-0.0008,1],"rest":[0.9993,-0.0363,0,0,0.0362,0.9968,-0.0711,0,0.0026,0.071,0.9975,0,0.0108,0.1271,-0.0008,1],"parentBoneIndex":36,"length":0.0357},
{"name":"mixamorig:RightHandMiddle2","index":38,"matrix":[1,0,0,0,0,0.9913,0.132,0,0,-0.132,0.9913,0,0.0004,0.0357,0,1],"rest":[1,0,0,0,0,0.9913,0.132,0,0,-0.132,0.9913,0,0.0004,0.0357,0,1],"parentBoneIndex":37,"length":0.0344},
{"name":"mixamorig:RightHandMiddle3","index":39,"matrix":[1,0,0,0,0,1,-0.0036,0,0,0.0036,1,0,-0.0002,0.0344,0,1],"rest":[1,0,0,0,0,1,-0.0036,0,0,0.0036,1,0,-0.0002,0.0344,0,1],"parentBoneIndex":38,"length":0.0368},
{"name":"mixamorig:RightHandMiddle4","index":40,"matrix":[1,0,0,0,0,1,0,0,0,0,1,0,-0.0001,0.0368,0,1],"rest":[1,0,0,0,0,1,0,0,0,0,1,0,-0.0001,0.0368,0,1],"parentBoneIndex":39,"length":0.0368},
{"name":"mixamorig:RightHandThumb1","index":41,"matrix":[0.8492,-0.5281,0,0,0.5025,0.8081,0.3075,0,-0.1624,-0.2611,0.9515,0,0.0329,0.0351,0.0212,1],"rest":[0.8492,-0.5281,0,0,0.5025,0.8081,0.3075,0,-0.1624,-0.2611,0.9515,0,0.0329,0.0351,0.0212,1],"parentBoneIndex":36,"length":0.0471},
{"name":"mixamorig:RightHandThumb2","index":42,"matrix":[1,0,0,0,0,0.9976,0.0686,0,0,-0.0686,0.9976,0,0.0036,0.047,0,1],"rest":[1,0,0,0,0,0.9976,0.0686,0,0,-0.0686,0.9976,0,0.0036,0.047,0,1],"parentBoneIndex":41,"length":0.0435},
{"name":"mixamorig:RightHandThumb3","index":43,"matrix":[1,0,0,0,0,0.9978,-0.067,0,0,0.067,0.9978,0,-0.0027,0.0434,0,1],"rest":[1,0,0,0,0,0.9978,-0.067,0,0,0.067,0.9978,0,-0.0027,0.0434,0,1],"parentBoneIndex":42,"length":0.0344},
{"name":"mixamorig:RightHandThumb4","index":44,"matrix":[1,0,0,0,0,1,0,0,0,0,1,0,-0.0009,0.0344,0,1],"rest":[1,0,0,0,0,1,0,0,0,0,1,0,-0.0009,0.0344,0,1],"parentBoneIndex":43,"length":0.0344},
{"name":"mixamorig:RightHandIndex1","index":45,"matrix":[1,0.0064,0,0,-0.0064,0.998,0.0631,0,0.0004,-0.0631,0.998,0,0.038,0.1233,0.001,1],"rest":[1,0.0064,0,0,-0.0064,0.998,0.0631,0,0.0004,-0.0631,0.998,0,0.038,0.1233,0.001,1],"parentBoneIndex":36,"length":0.0348},
{"name":"mixamorig:RightHandIndex2","index":46,"matrix":[1,0,0,0,0,0.9996,0.0274,0,0,-0.0274,0.9996,0,0.0004,0.0348,0,1],"rest":[1,0,0,0,0,0.9996,0.0274,0,0,-0.0274,0.9996,0,0.0004,0.0348,0,1],"parentBoneIndex":45,"length":0.0341},
{"name":"mixamorig:RightHandIndex3","index":47,"matrix":[1,0,0,0,0,0.999,0.0444,0,0,-0.0444,0.999,0,-0.0002,0.0341,0,1],"rest":[1,0,0,0,0,0.999,0.0444,0,0,-0.0444,0.999,0,-0.0002,0.0341,0,1],"parentBoneIndex":46,"length":0.0307},
{"name":"mixamorig:RightHandIndex4","index":48,"matrix":[1,0,0,0,0,1,0,0,0,0,1,0,-0.0002,0.0307,0,1],"rest":[1,0,0,0,0,1,0,0,0,0,1,0,-0.0002,0.0307,0,1],"parentBoneIndex":47,"length":0.0307},
{"name":"mixamorig:RightHandRing1","index":49,"matrix":[0.9999,0.0102,0,0,-0.0102,0.9984,-0.0558,0,-0.0006,0.0558,0.9984,0,-0.0114,0.123,-0.0009,1],"rest":[0.9999,0.0102,0,0,-0.0102,0.9984,-0.0558,0,-0.0006,0.0558,0.9984,0,-0.0114,0.123,-0.0008,1],"parentBoneIndex":36,"length":0.0353},
{"name":"mixamorig:RightHandRing2","index":50,"matrix":[1,0,0,0,0,0.9997,0.0261,0,0,-0.0261,0.9997,0,0.0001,0.0354,0,1],"rest":[1,0,0,0,0,0.9997,0.0261,0,0,-0.0261,0.9997,0,0.0001,0.0353,0,1],"parentBoneIndex":49,"length":0.033},
{"name":"mixamorig:RightHandRing3","index":51,"matrix":[1,0,0,0,0,0.988,0.1544,0,0,-0.1544,0.988,0,0.0001,0.033,0,1],"rest":[1,0,0,0,0,0.988,0.1544,0,0,-0.1544,0.988,0,0.0001,0.033,0,1],"parentBoneIndex":50,"length":0.0364},
{"name":"mixamorig:RightHandRing4","index":52,"matrix":[1,0,0,0,0,1,0,0,0,0,1,0,-0.0002,0.0364,0,1],"rest":[1,0,0,0,0,1,0,0,0,0,1,0,-0.0002,0.0364,0,1],"parentBoneIndex":51,"length":0.0364},
{"name":"mixamorig:RightHandPinky1","index":53,"matrix":[0.999,-0.0454,0,0,0.0453,0.9985,-0.0298,0,0.0014,0.0298,0.9996,0,-0.0374,0.1149,0.001,1],"rest":[0.999,-0.0454,0,0,0.0453,0.9985,-0.0298,0,0.0014,0.0298,0.9996,0,-0.0374,0.1149,0.001,1],"parentBoneIndex":36,"length":0.0386},
{"name":"mixamorig:RightHandPinky2","index":54,"matrix":[1,0,0,0,0,1,0.0091,0,0,-0.0091,1,0,-0.0001,0.0386,0,1],"rest":[1,0,0,0,0,1,0.0091,0,0,-0.0091,1,0,-0.0001,0.0386,0,1],"parentBoneIndex":53,"length":0.0259},
{"name":"mixamorig:RightHandPinky3","index":55,"matrix":[1,0,0,0,0,0.9999,0.0167,0,0,-0.0167,0.9999,0,0.0002,0.0259,0,1],"rest":[1,0,0,0,0,0.9999,0.0167,0,0,-0.0167,0.9999,0,0.0002,0.0259,0,1],"parentBoneIndex":54,"length":0.0292},
{"name":"mixamorig:RightHandPinky4","index":56,"matrix":[1,0,0,0,0,1,0,0,0,0,1,0,-0.0001,0.0292,0,1],"rest":[1,0,0,0,0,1,0,0,0,0,1,0,-0.0001,0.0292,0,1],"parentBoneIndex":55,"length":0.0292},
{"name":"mixamorig:RightUpLeg","index":57,"matrix":[-1,0.0013,0.0001,0,-0.0013,-0.999,-0.0443,0,0,-0.0443,0.9992,0,-0.0908,-0.0689,-0.0002,1],"rest":[-1,0.0013,0.0001,0,-0.0013,-0.999,-0.0443,0,0,-0.0443,0.9992,0,-0.0908,-0.0689,-0.0002,1],"parentBoneIndex":0,"length":0.4075},
{"name":"mixamorig:RightLeg","index":58,"matrix":[0.9999,0.0146,0,0,-0.0145,0.9993,-0.0344,0,-0.0005,0.0344,0.9994,0,0,0.4075,0,1],"rest":[0.9999,0.0146,0,0,-0.0146,0.9993,-0.0344,0,-0.0005,0.0344,0.9993,0,0,0.4075,0,1],"parentBoneIndex":57,"length":0.4145},
{"name":"mixamorig:RightFoot","index":59,"matrix":[0.9993,0,-0.0382,0,0.0312,0.575,0.8176,0,0.0219,-0.8182,0.5746,0,0,0.4145,0,1],"rest":[0.9993,0,-0.0382,0,0.0312,0.5749,0.8176,0,0.0219,-0.8182,0.5745,0,0,0.4145,0,1],"parentBoneIndex":58,"length":0.162},
{"name":"mixamorig:RightToeBase","index":60,"matrix":[0.9982,0,0.0606,0,-0.0387,0.7698,0.6372,0,-0.0466,-0.6383,0.7684,0,0,0.162,0,1],"rest":[0.9982,0,0.0606,0,-0.0387,0.7698,0.6371,0,-0.0466,-0.6383,0.7684,0,0,0.162,0,1],"parentBoneIndex":59,"length":0.0989},
{"name":"mixamorig:RightToe_End","index":61,"matrix":[1,0,0,0,0,1,0,0,0,0,1,0,0,0.0989,0,1],"rest":[1,0,0,0,0,1,0,0,0,0,1,0,0,0.0989,0,1],"parentBoneIndex":60,"length":0.0989},
{"name":"mixamorig:LeftUpLeg","index":62,"matrix":[-1,-0.0012,0,0,0.0012,-0.999,-0.0457,0,0,-0.0457,0.9989,0,0.0908,-0.0676,-0.0002,1],"rest":[-1,-0.0012,0,0,0.0012,-0.999,-0.0457,0,0,-0.0457,0.9989,0,0.0908,-0.0676,-0.0002,1],"parentBoneIndex":0,"length":0.4044},
{"name":"mixamorig:LeftLeg","index":63,"matrix":[0.9999,-0.014,0,0,0.014,0.9994,-0.0323,0,0.0005,0.0323,0.9995,0,0,0.4044,0,1],"rest":[0.9999,-0.014,0,0,0.014,0.9994,-0.0323,0,0.0005,0.0323,0.9995,0,0,0.4044,0,1],"parentBoneIndex":62,"length":0.4182},
{"name":"mixamorig:LeftFoot","index":64,"matrix":[0.9993,0,0.0375,0,-0.0307,0.575,0.8176,0,-0.0216,-0.8181,0.5746,0,0,0.4182,0,1],"rest":[0.9993,0,0.0375,0,-0.0307,0.575,0.8176,0,-0.0216,-0.8181,0.5746,0,0,0.4182,0,1],"parentBoneIndex":63,"length":0.1632},
{"name":"mixamorig:LeftToeBase","index":65,"matrix":[0.9982,0,-0.0596,0,0.038,0.7702,0.6367,0,0.0459,-0.6378,0.7688,0,0,0.1632,0,1],"rest":[0.9982,0,-0.0596,0,0.038,0.7702,0.6367,0,0.0459,-0.6378,0.7688,0,0,0.1632,0,1],"parentBoneIndex":64,"length":0.0996},
{"name":"mixamorig:LeftToe_End","index":66,"matrix":[1,0,0,0,0,1,0,0,0,0,1,0,0,0.0996,0,1],"rest":[1,0,0,0,0,1,0,0,0,0,1,0,0,0.0996,0,1],"parentBoneIndex":65,"length":0.0996}]}],
"meshes":[{"name":"Hats","id":"Hats","materialId":"Hatmat","billboardMode":0,"position":[0,0,0],"rotation":[0,0,0],"scaling":[1,1,1],"isVisible":true,"freezeWorldMatrix":false,"isEnabled":true,"checkCollisions":false,"receiveShadows":false,"pickable":true,"tags":"","skeletonId":0,"numBoneInfluencers":3
,"positions":[-0.0838,-0.0493,1.3854,-0.0961,-0.0417,1.3753,-0.0961,-0.0379,1.38,-0.0724,-0.0643,1.3842,-0.0855,-0.0553,1.3749,-0.0677,-0.0642,1.3918,-0.0692,-0.0691,1.3836,-0.0652,-0.0665,1.3927,-0.0667,-0.0714,1.3845,-0.0769,-0.0441,1.3793,-0.0875,-0.0306,1.3792,-0.0894,-0.0327,1.3744,-0.0657,-0.059,1.3782,-0.0647,-0.0555,1.3842,-0.061,-0.0589,1.3853,-0.0625,-0.0638,1.3772,-0.06,-0.0661,1.3781
,-0.0585,-0.0612,1.3863,-0.06,-0.0661,1.3781,-0.0692,-0.0691,1.3836,-0.0667,-0.0714,1.3845,-0.0692,-0.0691,1.3836,-0.0657,-0.059,1.3782,-0.0724,-0.0643,1.3842,-0.0657,-0.059,1.3782,-0.0855,-0.0553,1.3749,-0.0724,-0.0643,1.3842,-0.0855,-0.0553,1.3749,-0.0893,-0.0364,1.3698,-0.0961,-0.0417,1.3753,-0.0961,-0.0417,1.3753,-0.0894,-0.0327,1.3744,-0.0961,-0.0379,1.38,-0.0961,-0.0379,1.38
,-0.0875,-0.0306,1.3792,-0.0943,-0.0359,1.3858,-0.0752,-0.038,1.3893,-0.082,-0.0433,1.3959,-0.0703,-0.0571,1.3967,-0.0594,-0.054,1.3935,-0.0661,-0.0592,1.4,-0.057,-0.0563,1.3945,-0.0637,-0.0615,1.4009,-0.0667,-0.0714,1.3845,-0.0585,-0.0612,1.3863,-0.06,-0.0661,1.3781,-0.0703,-0.0571,1.3967,-0.0713,-0.0607,1.3904,-0.0703,-0.0571,1.3967,-0.0661,-0.0592,1.4,-0.0637,-0.0615,1.4009
,-0.0652,-0.0665,1.3927,-0.0585,-0.0612,1.3863,-0.0594,-0.054,1.3935,-0.057,-0.0563,1.3945,-0.0636,-0.0519,1.3902,-0.0594,-0.054,1.3935,-0.0893,-0.0364,1.3698,-0.0943,-0.0359,1.3858,-0.0291,-0.1936,1.4661,-0.0284,-0.2108,1.4686,-0.0295,-0.1955,1.4739,-0.0356,-0.1931,1.4622,-0.0281,-0.2089,1.461,-0.0414,-0.2097,1.4611,-0.0346,-0.2084,1.4573,-0.0425,-0.1945,1.4658,-0.0417,-0.2116,1.4687
,-0.0427,-0.1965,1.4737,-0.0353,-0.2121,1.4724,-0.0295,-0.1955,1.4739,-0.0362,-0.1971,1.4778,-0.0299,-0.2184,1.4649,-0.0297,-0.2171,1.4599,-0.0342,-0.2194,1.4619,-0.0341,-0.2167,1.4573,-0.0387,-0.2176,1.4599,-0.0389,-0.2189,1.465,-0.0345,-0.2193,1.4675,-0.0299,-0.2114,1.4615,-0.0302,-0.2127,1.4668,-0.0345,-0.211,1.4589,-0.0395,-0.2132,1.4669,-0.0393,-0.2119,1.4616,-0.035,-0.2136,1.4695
,-0.0284,-0.2108,1.4686,-0.0341,-0.2167,1.4573,-0.0297,-0.2171,1.4599,-0.0299,-0.2184,1.4649,-0.0302,-0.2127,1.4668,-0.0345,-0.2193,1.4675,-0.0345,-0.2193,1.4675,-0.0319,-0.138,1.5888,-0.0289,-0.1472,1.5928,-0.0311,-0.1372,1.5902,-0.0315,-0.1476,1.59,-0.0292,-0.1387,1.5861,-0.0402,-0.1598,1.6083,-0.0304,-0.1608,1.5936,-0.1215,-0.1392,1.6406,-0.0913,-0.1571,1.6406,-0.1215,-0.1562,1.6436
,-0.042,-0.1451,1.6061,-0.0615,-0.1587,1.6262,-0.0629,-0.1432,1.623,-0.0902,-0.142,1.6357,-0.0429,-0.1603,1.6065,-0.0316,-0.1621,1.5922,-0.0633,-0.1598,1.6238,-0.0638,-0.1716,1.6222,-0.0449,-0.1728,1.6065,-0.0927,-0.158,1.6385,-0.0931,-0.1693,1.6364,-0.1215,-0.1564,1.641,-0.1215,-0.1676,1.6407,-0.0968,-0.1836,1.6348,-0.0664,-0.1848,1.6229,-0.0476,-0.1863,1.607,-0.0309,-0.1744,1.5949
,-0.0319,-0.1613,1.5906,-0.0324,-0.1734,1.5916,-0.0329,-0.1848,1.5933,-0.0332,-0.1826,1.5913,-0.0365,-0.1851,1.5889,-0.0364,-0.1869,1.5893,-0.0353,-0.136,1.5851,-0.0324,-0.1372,1.5805,-0.0383,-0.1608,1.5803,-0.0326,-0.1616,1.5825,-0.0394,-0.1833,1.5827,-0.0339,-0.1842,1.5847,-0.0299,-0.1616,1.5874,-0.0316,-0.1822,1.589,-0.0353,-0.1338,1.5855,-0.0457,-0.1346,1.6034,-0.0486,-0.1314,1.5994
,-0.064,-0.1322,1.6183,-0.0663,-0.13,1.614,-0.0902,-0.1311,1.6306,-0.0907,-0.1287,1.625,-0.1215,-0.1301,1.6355,-0.1215,-0.128,1.6295,-0.1215,-0.1831,1.6305,-0.0983,-0.1826,1.6271,-0.1215,-0.1295,1.6252,-0.0983,-0.1826,1.6271,-0.0919,-0.1308,1.621,-0.07,-0.1843,1.6163,-0.07,-0.1843,1.6163,-0.0689,-0.1315,1.6113,-0.0529,-0.1325,1.5977,-0.0422,-0.1833,1.5862,-0.0404,-0.1351,1.5822
,-0.0399,-0.1365,1.5816,-0.0378,-0.1374,1.5786,-0.0415,-0.1854,1.5866,-0.0525,-0.1855,1.6011,-0.0525,-0.1855,1.6011,-0.0422,-0.1833,1.5862,-0.0413,-0.1603,1.5835,-0.0415,-0.1854,1.5866,-0.0422,-0.1833,1.5862,-0.0525,-0.1855,1.6011,-0.0399,-0.1365,1.5816,-0.0378,-0.1374,1.5786,-0.0399,-0.1365,1.5816,-0.0394,-0.1833,1.5827,-0.0422,-0.1833,1.5862,-0.0525,-0.1855,1.6011,-0.0525,-0.1855,1.6011
,-0.2112,-0.138,1.5889,-0.2141,-0.1472,1.5928,-0.2116,-0.1476,1.59,-0.2138,-0.1387,1.5861,-0.2028,-0.1598,1.6083,-0.201,-0.1451,1.606,-0.1517,-0.1571,1.6406,-0.1529,-0.1419,1.6357,-0.1816,-0.1587,1.6262,-0.1801,-0.1432,1.623,-0.2001,-0.1603,1.6065,-0.2127,-0.1608,1.5936,-0.1793,-0.1716,1.6222,-0.1797,-0.1598,1.6238,-0.15,-0.1693,1.6365,-0.1504,-0.158,1.6385,-0.1462,-0.1836,1.6348
,-0.1215,-0.1833,1.6377,-0.1767,-0.1848,1.6229,-0.1954,-0.1863,1.607,-0.2122,-0.1744,1.5949,-0.1981,-0.1728,1.6065,-0.2111,-0.1613,1.5906,-0.2114,-0.1621,1.5922,-0.2106,-0.1733,1.5916,-0.2101,-0.1848,1.5933,-0.2099,-0.1826,1.5913,-0.2065,-0.1851,1.589,-0.2066,-0.1869,1.5892,-0.2077,-0.136,1.5851,-0.2107,-0.1372,1.5805,-0.2047,-0.1608,1.5803,-0.2052,-0.1374,1.5786,-0.2105,-0.1616,1.5825
,-0.2037,-0.1833,1.5827,-0.2115,-0.1822,1.5889,-0.2131,-0.1616,1.5874,-0.2091,-0.1842,1.5847,-0.2077,-0.1338,1.5855,-0.2119,-0.1372,1.5902,-0.1973,-0.1346,1.6034,-0.1944,-0.1314,1.5994,-0.1791,-0.1322,1.6182,-0.1768,-0.13,1.614,-0.1528,-0.1311,1.6306,-0.1523,-0.1287,1.6251,-0.1447,-0.1826,1.6271,-0.1447,-0.1826,1.6271,-0.1511,-0.1308,1.621,-0.173,-0.1844,1.6163,-0.173,-0.1844,1.6163
,-0.1741,-0.1315,1.6113,-0.1902,-0.1325,1.5977,-0.2037,-0.1349,1.5827,-0.2015,-0.1854,1.5866,-0.1905,-0.1855,1.6011,-0.1905,-0.1855,1.6011,-0.2017,-0.1603,1.5835,-0.2009,-0.1833,1.5862,-0.2015,-0.1854,1.5866,-0.1905,-0.1855,1.6011,-0.2032,-0.1365,1.5816,-0.2052,-0.1374,1.5786,-0.2047,-0.1608,1.5803,-0.2037,-0.1833,1.5827,-0.1905,-0.1855,1.6011,-0.1905,-0.1855,1.6011,-0.0932,-0.2522,1.507
,-0.1216,-0.2584,1.5287,-0.1216,-0.2575,1.5075,-0.0799,-0.2455,1.5298,-0.0672,-0.2356,1.5096,-0.0497,-0.2091,1.5334,-0.0417,-0.1783,1.5182,-0.0434,-0.1631,1.5369,-0.0435,-0.1465,1.5182,-0.0492,-0.1201,1.5403,-0.0574,-0.0919,1.527,-0.0662,-0.0847,1.5481,-0.0717,-0.0703,1.536,-0.0967,-0.0627,1.5546,-0.1215,-0.0528,1.5433,-0.0952,-0.0579,1.541,-0.1488,-0.2527,1.5074,-0.1216,-0.2584,1.5287
,-0.1626,-0.2452,1.5297,-0.176,-0.2347,1.5093,-0.1934,-0.209,1.5328,-0.1926,-0.2081,1.5126,-0.2013,-0.1783,1.518,-0.1995,-0.1631,1.5366,-0.1999,-0.1465,1.5181,-0.1941,-0.1201,1.54,-0.1944,-0.1175,1.5196,-0.1856,-0.0919,1.527,-0.1768,-0.0847,1.5481,-0.1713,-0.0703,1.536,-0.1463,-0.0627,1.5546,-0.1479,-0.0579,1.541,-0.092,-0.2559,1.5056,-0.1214,-0.2663,1.5405,-0.0909,-0.2603,1.5409
,-0.064,-0.2391,1.5082,-0.0628,-0.2417,1.5431,-0.0453,-0.2104,1.5118,-0.0455,-0.2121,1.5463,-0.0366,-0.179,1.5176,-0.0373,-0.1795,1.5481,-0.0384,-0.148,1.5499,-0.0386,-0.1461,1.5169,-0.044,-0.1185,1.5519,-0.0445,-0.1143,1.5176,-0.0571,-0.0833,1.5289,-0.0544,-0.0886,1.5566,-0.1215,-0.2236,1.6108,-0.0886,-0.2405,1.5934,-0.1214,-0.2456,1.591,-0.1215,-0.1613,1.6214,-0.0982,-0.1309,1.6222
,-0.0974,-0.1611,1.6202,-0.067,-0.2273,1.5932,-0.0784,-0.2034,1.6109,-0.0561,-0.2031,1.5959,-0.0961,-0.2185,1.6101,-0.0751,-0.188,1.6121,-0.0561,-0.1828,1.5979,-0.0759,-0.1298,1.6164,-0.0556,-0.1528,1.6005,-0.0748,-0.159,1.6121,-0.057,-0.1246,1.604,-0.0819,-0.106,1.6161,-0.0658,-0.0992,1.6076,-0.0998,-0.1025,1.6206,-0.1215,-0.1305,1.6238,-0.0968,-0.1941,1.6205,-0.1215,-0.1956,1.6218
,-0.0795,-0.0838,1.6091,-0.1215,-0.0762,1.6115,-0.1215,-0.1028,1.6207,-0.057,-0.1246,1.604,-0.0594,-0.0931,1.5829,-0.0485,-0.1216,1.5787,-0.0556,-0.1528,1.6005,-0.0442,-0.1809,1.5744,-0.0561,-0.1828,1.5979,-0.0746,-0.074,1.5874,-0.0961,-0.0771,1.6111,-0.0963,-0.0628,1.5884,-0.0561,-0.2031,1.5959,-0.0561,-0.1828,1.5979,-0.0491,-0.2096,1.572,-0.067,-0.2273,1.5932,-0.0561,-0.2031,1.5959
,-0.0654,-0.2378,1.5719,-0.0886,-0.2405,1.5934,-0.067,-0.2273,1.5932,-0.0904,-0.253,1.5724,-0.1214,-0.2456,1.591,-0.0886,-0.2405,1.5934,-0.1214,-0.2663,1.5405,-0.1499,-0.256,1.5061,-0.1521,-0.26,1.5407,-0.1793,-0.2382,1.5078,-0.197,-0.2099,1.5111,-0.1809,-0.2407,1.5428,-0.2067,-0.1791,1.5174,-0.2,-0.2119,1.5458,-0.2072,-0.1479,1.5493,-0.2079,-0.1793,1.5477,-0.2047,-0.146,1.5169
,-0.2016,-0.1182,1.5517,-0.1452,-0.0514,1.5418,-0.1214,-0.0538,1.5637,-0.1458,-0.0579,1.5635,-0.1529,-0.2398,1.5926,-0.1469,-0.2182,1.6094,-0.1447,-0.1308,1.6224,-0.1719,-0.2274,1.5925,-0.1646,-0.2035,1.6075,-0.181,-0.2006,1.5946,-0.1677,-0.1879,1.6122,-0.1868,-0.1823,1.5985,-0.1669,-0.1298,1.6148,-0.1878,-0.153,1.6011,-0.185,-0.1243,1.6035,-0.1456,-0.1611,1.6203,-0.1612,-0.1058,1.6167
,-0.1761,-0.0991,1.607,-0.1432,-0.1024,1.621,-0.1683,-0.1591,1.6112,-0.1462,-0.1941,1.6204,-0.1641,-0.0847,1.6096,-0.1479,-0.0779,1.6111,-0.1215,-0.0762,1.6115,-0.1468,-0.0628,1.5884,-0.1218,-0.0595,1.5881,-0.1479,-0.0779,1.6111,-0.1681,-0.0735,1.5877,-0.1761,-0.0991,1.607,-0.1641,-0.0847,1.6096,-0.1878,-0.153,1.6011,-0.1983,-0.1809,1.5745,-0.1984,-0.1503,1.5765,-0.181,-0.2006,1.5946
,-0.1868,-0.1823,1.5985,-0.1719,-0.2274,1.5925,-0.1935,-0.217,1.5716,-0.181,-0.2006,1.5946,-0.1529,-0.2398,1.5926,-0.1796,-0.2367,1.5718,-0.1719,-0.2274,1.5925,-0.1214,-0.2456,1.591,-0.1526,-0.2527,1.5721,-0.1529,-0.2398,1.5926,-0.0932,-0.2522,1.507,-0.1215,-0.2582,1.5037,-0.0929,-0.2532,1.5034,-0.1218,-0.2613,1.5057,-0.0656,-0.2372,1.5056,-0.0932,-0.2522,1.507,-0.0477,-0.2093,1.5094
,-0.0672,-0.2356,1.5096,-0.0395,-0.1785,1.5156,-0.0411,-0.1462,1.515,-0.0417,-0.1783,1.5182,-0.0496,-0.2086,1.5131,-0.0483,-0.1169,1.5189,-0.0468,-0.1147,1.5159,-0.0574,-0.0919,1.527,-0.0555,-0.0902,1.5246,-0.0944,-0.0556,1.5391,-0.0717,-0.0703,1.536,-0.0708,-0.0688,1.5335,-0.0708,-0.0688,1.5335,-0.0574,-0.0919,1.527,-0.1215,-0.051,1.5409,-0.0952,-0.0579,1.541,-0.1218,-0.2613,1.5057
,-0.1491,-0.2538,1.5033,-0.1215,-0.2582,1.5037,-0.1488,-0.2527,1.5074,-0.1777,-0.2363,1.5052,-0.1488,-0.2527,1.5074,-0.1946,-0.2088,1.5088,-0.176,-0.2347,1.5093,-0.2035,-0.1785,1.5154,-0.1926,-0.2081,1.5126,-0.2013,-0.1783,1.518,-0.2024,-0.1462,1.5149,-0.1944,-0.1175,1.5196,-0.1962,-0.1147,1.5159,-0.1985,-0.1143,1.5176,-0.1856,-0.0919,1.527,-0.1876,-0.0902,1.5246,-0.1856,-0.0919,1.527
,-0.1722,-0.0688,1.5335,-0.1713,-0.0703,1.536,-0.1486,-0.0556,1.5391,-0.1479,-0.0579,1.541,-0.1486,-0.0556,1.5391,-0.1737,-0.0377,1.5219,-0.1722,-0.0688,1.5335,-0.1722,-0.0688,1.5335,-0.1882,-0.0611,1.5146,-0.1876,-0.0902,1.5246,-0.1215,-0.051,1.5409,-0.1453,-0.0216,1.5295,-0.1486,-0.0556,1.5391,-0.1957,-0.0928,1.5103,-0.1876,-0.0902,1.5246,-0.1943,-0.069,1.506,-0.1215,-0.0186,1.5318
,-0.1375,0.0133,1.5181,-0.1536,0.0095,1.515,-0.1675,0.0018,1.5106,-0.1784,-0.0105,1.5067,-0.1919,-0.0475,1.5036,-0.1873,-0.0288,1.5041,-0.1452,-0.0514,1.5418,-0.1688,-0.0305,1.527,-0.1458,-0.0208,1.5327,-0.1679,-0.0631,1.538,-0.1871,-0.052,1.5193,-0.1215,-0.0492,1.5436,-0.1452,-0.0514,1.5418,-0.1981,-0.0925,1.5114,-0.197,-0.0688,1.5069,-0.1215,-0.0181,1.5352,-0.138,0.0138,1.5209
,-0.1215,0.0149,1.5218,-0.1546,0.0101,1.5176,-0.1689,0.0024,1.5127,-0.1802,-0.01,1.5082,-0.1941,-0.047,1.5042,-0.1894,-0.0282,1.505,-0.1962,-0.1147,1.5159,-0.1957,-0.0928,1.5103,-0.1957,-0.0928,1.5103,-0.1943,-0.069,1.506,-0.1375,0.0133,1.5181,-0.1215,0.0144,1.5189,-0.1536,0.0095,1.515,-0.1375,0.0133,1.5181,-0.1675,0.0018,1.5106,-0.1536,0.0095,1.515,-0.1784,-0.0105,1.5067
,-0.1675,0.0018,1.5106,-0.1873,-0.0288,1.5041,-0.1919,-0.0475,1.5036,-0.1873,-0.0288,1.5041,-0.1784,-0.0105,1.5067,-0.0694,-0.0377,1.5219,-0.0944,-0.0556,1.5391,-0.0708,-0.0688,1.5335,-0.0708,-0.0688,1.5335,-0.0549,-0.0611,1.5146,-0.0977,-0.0216,1.5294,-0.1215,-0.051,1.5409,-0.0944,-0.0556,1.5391,-0.0473,-0.0928,1.5103,-0.0555,-0.0902,1.5246,-0.0468,-0.1147,1.5159,-0.0487,-0.069,1.506
,-0.1055,0.0133,1.5181,-0.1215,0.0144,1.5189,-0.0894,0.0095,1.515,-0.0756,0.0018,1.5106,-0.0647,-0.0106,1.5067,-0.0512,-0.0475,1.5035,-0.0558,-0.0288,1.504,-0.056,-0.052,1.5193,-0.046,-0.0688,1.5069,-0.0449,-0.0925,1.5114,-0.105,0.0138,1.5209,-0.0973,-0.0209,1.5326,-0.0884,0.0101,1.5175,-0.0742,0.0024,1.5128,-0.0743,-0.0305,1.527,-0.0628,-0.01,1.5082,-0.0536,-0.0282,1.505
,-0.0489,-0.047,1.5041,-0.0468,-0.1147,1.5159,-0.0445,-0.1143,1.5176,-0.0473,-0.0928,1.5103,-0.1055,0.0133,1.5181,-0.0894,0.0095,1.515,-0.0756,0.0018,1.5106,-0.0647,-0.0106,1.5067,-0.0558,-0.0288,1.504,-0.0487,-0.069,1.506,-0.0558,-0.0288,1.504,-0.1863,-0.0829,1.5285,-0.1985,-0.1143,1.5176,-0.1679,-0.0631,1.538,-0.1688,-0.0692,1.5614,-0.1885,-0.0889,1.5566,-0.1679,-0.0631,1.538
